26573845185063
26574090399733
26574294673185
26574610457444
26574873873166
26575084877719
26575304469440
26575501598103
26575769069381
26575970467549
26576180656175
26576413720757
26576649010091
26576868205493
26577080467687
26577290228021
26577486801286
26577690190126
26578391787045
26578598838281
26578807313342
26579008912432
26579282080988
26579541413918
26579749117658
26580150284903
26580799885920
26581066362059
26581281447826
26581486630363
26581680668215
26581892150403
26582133773731
26582354797567
26582572032297
26582807008998
26583070637484
26583305616553
26583644875193
26583852685512
26584051305897
26584265845739
26584467533646
26584592838632
