26573892153561
26574131834769
26574335634534
26574660186356
26574913351478
26575127864477
26575344727363
26575541691025
26575809472963
26576013008252
26576244851508
26576459298192
26576700620333
26576907531830
26577119649944
26577329685017
26577526629732
26577736849937
26578439541865
26578638206460
26578846580073
26579049500752
26579322417464
26579582140791
26579796667607
26580479672681
26580895736219
26581105897608
26581323660500
26581525708409
26581721391536
26581932737144
26582173941258
26582398361830
26582612445747
26582851856559
26583112921606
26583474500012
26583683606657
26583892653696
26584090813420
26584306760904
26584506344848
26584708101440
